crossing time (s)	slope (V/s)	crossing number
281474976710655.000000	5.929443	66302	0.000000
281474976710655.000000	6.081195	66303	0.000000
281474976710655.000000	6.354177	66304	0.000000
281474976710655.000000	6.220088	66305	0.000000
281474976710655.000000	6.045744	66306	0.000000
281474976710655.000000	6.115531	66307	0.000000
281474976710655.000000	6.393331	66308	0.000000
281474976710655.000000	6.414409	66309	0.000000
281474976710655.000000	6.136718	66310	0.000000
281474976710655.000000	6.094004	66311	0.000000
281474976710655.000000	6.196575	66312	0.000000
281474976710655.000000	6.359178	66313	0.000000
281474976710655.000000	6.076386	66314	0.000000
281474976710655.000000	6.019426	66315	0.000000
281474976710655.000000	6.062447	66316	0.000000
281474976710655.000000	6.108892	66317	0.000000
281474976710655.000000	6.156873	66318	0.000000
281474976710655.000000	6.050103	66319	0.000000
281474976710655.000000	6.021688	66320	0.000000
281474976710655.000000	6.049303	66321	0.000000
281474976710655.000000	5.982957	66322	0.000000
281474976710655.000000	6.026891	66323	0.000000
281474976710655.000000	6.125808	66324	0.000000
281474976710655.000000	6.062710	66325	0.000000
281474976710655.000000	5.939204	66326	0.000000
281474976710655.000000	6.038169	66327	0.000000
281474976710655.000000	6.015795	66328	0.000000
281474976710655.000000	6.096847	66329	0.000000
281474976710655.000000	5.895073	66330	0.000000
281474976710655.000000	5.919492	66331	0.000000
281474976710655.000000	5.979733	66332	0.000000
281474976710655.000000	6.030839	66333	0.000000
281474976710655.000000	5.938500	66334	0.000000
281474976710655.000000	5.894394	66335	0.000000
281474976710655.000000	5.915993	66336	0.000000
281474976710655.000000	5.962258	66337	0.000000
281474976710655.000000	5.962571	66338	0.000000
281474976710655.000000	6.036661	66339	0.000000
281474976710655.000000	5.919209	66340	0.000000
281474976710655.000000	6.027671	66341	0.000000
281474976710655.000000	5.855320	66342	0.000000
281474976710655.000000	5.815892	66343	0.000000
281474976710655.000000	5.983305	66344	0.000000
281474976710655.000000	5.970163	66345	0.000000
281474976710655.000000	5.884283	66346	0.000000
281474976710655.000000	5.889802	66347	0.000000
281474976710655.000000	5.874947	66348	0.000000
281474976710655.000000	5.837683	66349	0.000000
281474976710655.000000	5.905401	66350	0.000000
281474976710655.000000	5.927393	66351	0.000000
281474976710655.000000	5.847316	66352	0.000000
281474976710655.000000	5.865623	66353	0.000000
281474976710655.000000	5.774427	66354	0.000000
281474976710655.000000	5.882541	66355	0.000000
281474976710655.000000	5.800375	66356	0.000000
281474976710655.000000	5.806277	66357	0.000000
281474976710655.000000	5.817068	66358	0.000000
281474976710655.000000	5.806463	66359	0.000000
281474976710655.000000	5.851530	66360	0.000000
281474976710655.000000	5.827567	66361	0.000000
281474976710655.000000	5.749847	66362	0.000000
281474976710655.000000	5.908283	66363	0.000000
281474976710655.000000	5.721712	66364	0.000000
281474976710655.000000	5.850515	66365	0.000000
281474976710655.000000	5.733598	66366	0.000000
281474976710655.000000	5.772151	66367	0.000000
281474976710655.000000	5.814211	66368	0.000000
281474976710655.000000	5.760189	66369	0.000000
281474976710655.000000	5.773902	66370	0.000000
281474976710655.000000	5.780635	66371	0.000000
281474976710655.000000	5.751084	66372	0.000000
281474976710655.000000	5.820118	66373	0.000000
281474976710655.000000	5.678561	66374	0.000000
281474976710655.000000	5.771060	66375	0.000000
281474976710655.000000	5.740118	66376	0.000000
281474976710655.000000	5.770777	66377	0.000000
281474976710655.000000	5.742111	66378	0.000000
281474976710655.000000	5.705369	66379	0.000000
281474976710655.000000	5.702204	66380	0.000000
281474976710655.000000	5.708690	66381	0.000000
281474976710655.000000	5.697246	66382	0.000000
281474976710655.000000	5.700938	66383	0.000000
281474976710655.000000	5.711573	66384	0.000000
281474976710655.000000	5.645865	66385	0.000000
281474976710655.000000	5.688711	66386	0.000000
281474976710655.000000	5.673192	66387	0.000000
281474976710655.000000	5.642528	66388	0.000000
281474976710655.000000	5.680369	66389	0.000000
281474976710655.000000	5.585958	66390	0.000000
281474976710655.000000	5.669887	66391	0.000000
281474976710655.000000	5.606067	66392	0.000000
281474976710655.000000	5.612710	66393	0.000000
281474976710655.000000	5.579101	66394	0.000000
281474976710655.000000	5.649184	66395	0.000000
281474976710655.000000	5.602809	66396	0.000000
281474976710655.000000	5.648911	66397	0.000000
281474976710655.000000	5.565085	66398	0.000000
281474976710655.000000	5.599599	66399	0.000000
281474976710655.000000	5.557941	66400	0.000000
281474976710655.000000	5.613413	66401	0.000000
281474976710655.000000	5.569566	66402	0.000000
281474976710655.000000	5.557183	66403	0.000000
281474976710655.000000	5.575399	66404	0.000000
281474976710655.000000	5.552292	66405	0.000000
281474976710655.000000	5.529923	66406	0.000000
281474976710655.000000	5.535643	66407	0.000000
281474976710655.000000	5.511343	66408	0.000000
281474976710655.000000	5.571148	66409	0.000000
281474976710655.000000	5.527343	66410	0.000000
281474976710655.000000	5.522528	66411	0.000000
281474976710655.000000	5.455247	66412	0.000000
281474976710655.000000	5.430582	66413	0.000000
281474976710655.000000	5.516968	66414	0.000000
281474976710655.000000	5.537498	66415	0.000000
281474976710655.000000	5.493032	66416	0.000000
281474976710655.000000	5.503654	66417	0.000000
281474976710655.000000	5.430512	66418	0.000000
281474976710655.000000	5.485905	66419	0.000000
281474976710655.000000	5.403865	66420	0.000000
281474976710655.000000	5.430291	66421	0.000000
281474976710655.000000	5.384875	66422	0.000000
281474976710655.000000	5.431212	66423	0.000000
281474976710655.000000	5.395105	66424	0.000000
281474976710655.000000	5.447694	66425	0.000000
281474976710655.000000	5.349635	66426	0.000000
281474976710655.000000	5.407689	66427	0.000000
281474976710655.000000	5.305250	66428	0.000000
281474976710655.000000	5.385358	66429	0.000000
281474976710655.000000	5.361997	66430	0.000000
281474976710655.000000	5.370648	66431	0.000000
281474976710655.000000	5.396012	66432	0.000000
281474976710655.000000	5.357857	66433	0.000000
281474976710655.000000	5.326818	66434	0.000000
281474976710655.000000	5.342796	66435	0.000000
281474976710655.000000	5.302773	66436	0.000000
281474976710655.000000	5.363240	66437	0.000000
281474976710655.000000	5.290049	66438	0.000000
281474976710655.000000	5.332544	66439	0.000000
281474976710655.000000	5.299412	66440	0.000000
281474976710655.000000	5.288606	66441	0.000000
281474976710655.000000	5.280680	66442	0.000000
281474976710655.000000	5.315727	66443	0.000000
281474976710655.000000	5.308792	66444	0.000000
281474976710655.000000	5.338024	66445	0.000000
281474976710655.000000	5.233411	66446	0.000000
281474976710655.000000	5.273197	66447	0.000000
281474976710655.000000	5.223608	66448	0.000000
281474976710655.000000	5.263178	66449	0.000000
281474976710655.000000	5.272353	66450	0.000000
281474976710655.000000	5.246696	66451	0.000000
281474976710655.000000	5.286720	66452	0.000000
281474976710655.000000	5.257127	66453	0.000000
281474976710655.000000	5.251808	66454	0.000000
281474976710655.000000	5.231117	66455	0.000000
281474976710655.000000	5.189559	66456	0.000000
281474976710655.000000	5.214861	66457	0.000000
281474976710655.000000	5.216787	66458	0.000000
281474976710655.000000	5.233399	66459	0.000000
281474976710655.000000	5.200570	66460	0.000000
281474976710655.000000	5.253745	66461	0.000000
281474976710655.000000	5.172192	66462	0.000000
281474976710655.000000	5.205677	66463	0.000000
281474976710655.000000	5.159527	66464	0.000000
281474976710655.000000	5.172724	66465	0.000000
281474976710655.000000	5.177989	66466	0.000000
281474976710655.000000	5.145303	66467	0.000000
281474976710655.000000	5.143487	66468	0.000000
281474976710655.000000	5.213978	66469	0.000000
281474976710655.000000	5.105723	66470	0.000000
281474976710655.000000	5.186490	66471	0.000000
281474976710655.000000	5.097997	66472	0.000000
281474976710655.000000	5.129677	66473	0.000000
281474976710655.000000	5.147606	66474	0.000000
281474976710655.000000	5.139814	66475	0.000000
281474976710655.000000	5.097709	66476	0.000000
281474976710655.000000	5.128774	66477	0.000000
281474976710655.000000	5.070560	66478	0.000000
281474976710655.000000	5.089606	66479	0.000000
281474976710655.000000	5.068025	66480	0.000000
281474976710655.000000	5.112385	66481	0.000000
281474976710655.000000	5.070088	66482	0.000000
281474976710655.000000	5.101564	66483	0.000000
281474976710655.000000	5.050425	66484	0.000000
281474976710655.000000	5.110092	66485	0.000000
281474976710655.000000	5.016295	66486	0.000000
281474976710655.000000	5.022018	66487	0.000000
281474976710655.000000	4.953758	66488	0.000000
281474976710655.000000	5.054407	66489	0.000000
281474976710655.000000	5.009765	66490	0.000000
281474976710655.000000	5.013971	66491	0.000000
281474976710655.000000	5.039605	66492	0.000000
281474976710655.000000	4.997154	66493	0.000000
281474976710655.000000	5.000389	66494	0.000000
281474976710655.000000	5.033829	66495	0.000000
281474976710655.000000	4.987650	66496	0.000000
281474976710655.000000	4.998247	66497	0.000000
281474976710655.000000	4.948243	66498	0.000000
281474976710655.000000	4.948959	66499	0.000000
281474976710655.000000	4.948265	66500	0.000000
281474976710655.000000	4.933481	66501	0.000000
281474976710655.000000	4.955153	66502	0.000000
281474976710655.000000	4.931983	66503	0.000000
281474976710655.000000	4.933112	66504	0.000000
281474976710655.000000	4.936372	66505	0.000000
281474976710655.000000	4.880360	66506	0.000000
281474976710655.000000	4.927623	66507	0.000000
281474976710655.000000	4.883031	66508	0.000000
281474976710655.000000	4.924425	66509	0.000000
281474976710655.000000	4.885638	66510	0.000000
281474976710655.000000	4.918412	66511	0.000000
281474976710655.000000	4.902276	66512	0.000000
281474976710655.000000	4.893411	66513	0.000000
281474976710655.000000	4.890849	66514	0.000000
281474976710655.000000	4.884095	66515	0.000000
281474976710655.000000	4.858745	66516	0.000000
281474976710655.000000	4.890814	66517	0.000000
281474976710655.000000	4.840180	66518	0.000000
281474976710655.000000	4.905806	66519	0.000000
281474976710655.000000	4.842757	66520	0.000000
281474976710655.000000	4.863261	66521	0.000000
281474976710655.000000	4.869442	66522	0.000000
281474976710655.000000	4.841486	66523	0.000000
281474976710655.000000	4.830412	66524	0.000000
281474976710655.000000	4.845181	66525	0.000000
281474976710655.000000	4.788414	66526	0.000000
281474976710655.000000	4.857961	66527	0.000000
281474976710655.000000	4.759474	66528	0.000000
281474976710655.000000	4.797350	66529	0.000000
281474976710655.000000	4.763012	66530	0.000000
281474976710655.000000	4.792344	66531	0.000000
281474976710655.000000	4.779527	66532	0.000000
281474976710655.000000	4.842993	66533	0.000000
281474976710655.000000	4.747900	66534	0.000000
281474976710655.000000	4.758984	66535	0.000000
281474976710655.000000	4.704141	66536	0.000000
281474976710655.000000	4.775418	66537	0.000000
281474976710655.000000	4.723061	66538	0.000000
281474976710655.000000	4.729989	66539	0.000000
281474976710655.000000	4.735857	66540	0.000000
281474976710655.000000	4.722481	66541	0.000000
281474976710655.000000	4.710307	66542	0.000000
281474976710655.000000	4.740107	66543	0.000000
281474976710655.000000	4.670839	66544	0.000000
281474976710655.000000	4.749454	66545	0.000000
281474976710655.000000	4.670433	66546	0.000000
281474976710655.000000	4.754172	66547	0.000000
281474976710655.000000	4.639667	66548	0.000000
281474976710655.000000	4.706869	66549	0.000000
281474976710655.000000	4.700830	66550	0.000000
281474976710655.000000	4.678169	66551	0.000000
281474976710655.000000	4.650199	66552	0.000000
281474976710655.000000	4.752048	66553	0.000000
281474976710655.000000	4.638553	66554	0.000000
281474976710655.000000	4.674886	66555	0.000000
281474976710655.000000	4.629714	66556	0.000000
281474976710655.000000	4.651608	66557	0.000000
281474976710655.000000	4.635872	66558	0.000000
281474976710655.000000	4.655438	66559	0.000000
281474976710655.000000	4.615726	66560	0.000000
281474976710655.000000	4.662458	66561	0.000000
281474976710655.000000	4.577765	66562	0.000000
281474976710655.000000	4.678700	66563	0.000000
281474976710655.000000	4.523411	66564	0.000000
281474976710655.000000	4.593530	66565	0.000000
281474976710655.000000	4.508092	66566	0.000000
281474976710655.000000	4.588690	66567	0.000000
281474976710655.000000	4.548731	66568	0.000000
281474976710655.000000	4.592997	66569	0.000000
281474976710655.000000	4.541539	66570	0.000000
281474976710655.000000	4.560369	66571	0.000000
281474976710655.000000	4.505060	66572	0.000000
281474976710655.000000	4.546710	66573	0.000000
281474976710655.000000	4.504954	66574	0.000000
281474976710655.000000	4.534456	66575	0.000000
281474976710655.000000	4.532641	66576	0.000000
281474976710655.000000	4.541378	66577	0.000000
281474976710655.000000	4.564280	66578	0.000000
281474976710655.000000	4.544515	66579	0.000000
281474976710655.000000	4.500502	66580	0.000000
281474976710655.000000	4.531832	66581	0.000000
281474976710655.000000	4.474439	66582	0.000000
281474976710655.000000	4.512182	66583	0.000000
281474976710655.000000	4.478192	66584	0.000000
281474976710655.000000	4.475131	66585	0.000000
281474976710655.000000	4.474807	66586	0.000000
281474976710655.000000	4.465304	66587	0.000000
281474976710655.000000	4.463272	66588	0.000000
281474976710655.000000	4.471334	66589	0.000000
281474976710655.000000	4.419030	66590	0.000000
281474976710655.000000	4.491486	66591	0.000000
281474976710655.000000	4.419223	66592	0.000000
281474976710655.000000	4.441453	66593	0.000000
281474976710655.000000	4.420134	66594	0.000000
281474976710655.000000	4.447727	66595	0.000000
281474976710655.000000	4.428429	66596	0.000000
281474976710655.000000	4.455822	66597	0.000000
281474976710655.000000	4.430131	66598	0.000000
281474976710655.000000	4.443897	66599	0.000000
281474976710655.000000	4.376536	66600	0.000000
281474976710655.000000	4.430566	66601	0.000000
