num crossings	time (s)	maj axis (mm)	min axis (mm)	theta (rad )	slope (V/s)
65849	84157.880689	106.507074	1.468703	1.570215	26.083979
65851	84159.963335	105.923953	1.512691	1.574814	26.093447
65853	84162.046186	106.250848	1.526316	1.575195	26.472413
65855	84164.129945	106.050558	1.511853	1.574634	27.260201
65857	84166.215114	105.161922	1.510298	1.573951	26.060163
65859	84168.299608	105.468630	1.617283	1.572185	26.608939
65861	84170.384455	105.664974	1.642086	1.566325	25.058988
65863	84172.467982	105.485860	1.704980	1.568004	26.926986
65865	84174.551008	104.967717	1.708835	1.572293	26.152424
65867	84176.634517	104.894385	1.759044	1.571616	26.268126
65869	84178.717727	104.882331	1.814941	1.572447	26.656686
65871	84180.801516	104.674368	1.783147	1.577521	24.897408
65873	84182.885183	104.436169	1.883944	1.574719	26.163690
65875	84184.969388	104.015933	1.918551	1.575322	25.718810
65877	84187.053040	104.353798	1.916612	1.576242	25.706134
65879	84189.136405	104.423982	1.973333	1.577816	25.563864
65881	84191.219371	104.391001	1.958395	1.576554	25.406700
65883	84193.301694	104.552174	2.009803	1.574979	24.770866
65885	84195.384170	104.088349	2.063153	1.574862	24.905404
65887	84197.466959	103.728240	2.119552	1.575059	25.419886
65889	84199.550756	103.378457	2.150458	1.574389	24.518510
65891	84201.635222	103.803835	2.189844	1.576784	25.360977
65893	84203.719815	102.971865	2.198360	1.576518	25.153880
65895	84205.803994	102.999807	2.213667	1.580252	24.686616
65897	84207.888572	103.108179	2.275692	1.579748	25.441956
65899	84209.972387	102.933321	2.319185	1.580837	23.956495
65901	84212.055404	102.679644	2.299227	1.579779	24.988496
65903	84214.138453	102.702766	2.358377	1.581988	24.622264
65905	84216.222172	102.462975	2.379677	1.580485	23.592473
65907	84218.304919	102.229881	2.437250	1.578459	25.103377
65909	84220.388239	101.952310	2.421553	1.582472	24.088581
65911	84222.471683	102.474323	2.473532	1.580515	24.875310
65913	84224.555266	102.002705	2.509369	1.582627	23.865041
65915	84226.638916	101.896677	2.519802	1.582425	24.090102
65917	84228.722740	101.944504	2.583364	1.577710	23.735293
65919	84230.806727	101.701611	2.586775	1.585806	23.266386
65921	84232.890203	101.539357	2.614707	1.581154	24.643374
65923	84234.973832	101.220766	2.688537	1.581357	23.879485
65925	84237.057611	100.984319	2.703342	1.585038	24.319197
65927	84239.140366	101.038988	2.741043	1.584160	24.144436
65929	84241.222724	101.402371	2.782064	1.584890	24.037067
65931	84243.305224	101.351607	2.817839	1.584059	24.740849
65933	84245.388407	101.288745	2.898748	1.592855	23.298841
65935	84247.471252	100.892984	2.865387	1.590008	23.544817
65937	84249.554670	100.785524	2.856974	1.591092	23.971273
65939	84251.638412	100.061853	2.865343	1.592932	24.178652
65941	84253.722555	100.053152	2.908258	1.588505	23.306995
65943	84255.806843	99.758817	2.917894	1.591789	23.583614
65945	84257.890996	100.206499	2.996111	1.588682	23.525633
65947	84259.975217	99.846577	3.002893	1.591042	22.936793
65949	84262.058735	99.683798	3.022928	1.590255	23.475944
65951	84264.142333	99.660539	3.066456	1.592649	23.553320
65953	84266.225986	99.514101	3.079557	1.593587	22.449495
65955	84268.309607	99.417208	3.121866	1.595189	23.011585
65957	84270.393083	99.677943	3.161878	1.595510	23.267079
65959	84272.476407	99.156678	3.187755	1.597366	22.507518
65961	84274.558975	99.380944	3.211490	1.597090	22.432026
65963	84276.641743	99.159549	3.274957	1.597072	22.255430
65965	84278.723949	99.012566	3.277434	1.595919	22.890438
65967	84280.807384	98.903306	3.314934	1.594009	22.895076
65969	84282.889979	99.055909	3.363459	1.595525	21.924872
65971	84284.973376	98.720614	3.393793	1.598974	23.172017
65973	84287.056512	98.359212	3.395665	1.598253	22.733788
65975	84289.140607	98.172251	3.401338	1.598272	22.696508
65977	84291.224478	97.944791	3.433274	1.599450	22.931341
65979	84293.308722	97.983016	3.470333	1.600194	23.127370
65981	84295.392463	98.168756	3.519934	1.600580	21.854901
65983	84297.476409	97.354073	3.538608	1.603647	22.409143
65985	84299.559710	97.437854	3.533233	1.601920	22.540337
65987	84301.643845	97.609303	3.575082	1.603138	22.384806
65989	84303.728023	97.593378	3.632336	1.603165	22.439398
65991	84305.811187	97.261776	3.628760	1.605566	22.487489
65993	84307.894843	97.031461	3.649070	1.604970	22.390568
65995	84309.978088	97.266690	3.733159	1.604274	22.323807
65997	84312.061777	97.216152	3.721681	1.605108	21.830899
65999	84314.145330	96.758963	3.723646	1.605938	22.672258
66001	84316.228246	96.757948	3.772771	1.607301	21.938091
66003	84318.311941	96.314448	3.784066	1.608320	21.468442
66005	84320.395078	96.505854	3.829941	1.608534	21.924295
66007	84322.478208	96.423941	3.866914	1.609830	21.804553
66009	84324.561680	96.272182	3.903853	1.611082	21.708548
66011	84326.645067	96.111376	3.901935	1.610913	21.416601
66013	84328.728379	95.684251	3.924731	1.613098	21.500787
66015	84330.811571	95.796796	3.976390	1.615574	20.403272
66017	84332.894430	95.868593	3.993557	1.613066	21.724364
66019	84334.977244	95.586531	4.017377	1.615818	21.099470
66021	84337.059819	95.911561	4.106028	1.614553	21.261571
66023	84339.142983	95.442498	4.079719	1.616814	21.071845
66025	84341.226169	95.434227	4.094997	1.617888	21.710720
66027	84343.308898	95.188450	4.107735	1.619168	21.282754
66029	84345.391873	95.512471	4.166331	1.621804	21.541886
66031	84347.475230	94.647144	4.150565	1.621038	21.292769
66033	84349.558301	94.754641	4.205502	1.625628	20.759031
66035	84351.642209	94.792235	4.173759	1.623017	20.145443
66037	84353.725549	94.685406	4.195560	1.624691	20.974165
66039	84355.809466	94.302138	4.203924	1.623427	20.816359
66041	84357.893609	93.886958	4.249328	1.625504	20.310571
66043	84359.977660	94.232801	4.272823	1.623198	21.098638
66045	84362.061454	93.945318	4.254592	1.626168	21.030644
66047	84364.145358	94.039031	4.290890	1.625134	21.050555
66049	84366.228517	94.009684	4.315772	1.626617	20.245784
66051	84368.312183	94.004738	4.348265	1.628148	20.048142
66053	84370.395029	93.693611	4.350957	1.628634	20.306270
66055	84372.478396	93.404761	4.359423	1.629555	20.169217
66057	84374.561835	93.560602	4.390820	1.631308	20.370595
66059	84376.644237	93.310131	4.395543	1.630324	20.735498
66061	84378.726708	93.260738	4.452388	1.631769	20.226584
66063	84380.809435	92.979191	4.434565	1.631760	20.378881
66065	84382.892388	92.888049	4.498367	1.634724	19.521830
66067	84384.975815	92.923080	4.513622	1.632220	19.632511
66069	84387.058797	92.607875	4.530686	1.635464	20.017728
66071	84389.142519	92.694169	4.547075	1.635964	19.877083
66073	84391.225379	92.202058	4.546665	1.637000	19.838188
66075	84393.309092	92.299287	4.570960	1.637352	20.610104
66077	84395.392669	92.273260	4.598199	1.638213	20.423157
66079	84397.476288	91.997476	4.597297	1.640455	18.974196
66081	84399.560119	92.075060	4.640838	1.641762	19.967319
66083	84401.642713	91.550345	4.648745	1.641745	20.603776
66085	84403.726468	91.724537	4.651984	1.641161	19.714000
66087	84405.809765	91.625111	4.683103	1.643527	18.860088
66089	84407.893346	91.161222	4.702771	1.644352	19.462639
66091	84409.976660	91.629707	4.803212	1.643779	19.489857
66093	84412.059785	91.434277	4.740246	1.644951	19.478664
66095	84414.142744	91.256462	4.745913	1.646830	19.183512
66097	84416.225881	90.793390	4.746105	1.650239	18.816557
66099	84418.308691	91.067083	4.783184	1.649875	19.182624
66101	84420.391947	91.019968	4.805993	1.650602	19.124643
66103	84422.475042	90.496774	4.833181	1.653334	19.196043
66105	84424.558446	90.701769	4.797180	1.652912	19.849020
66107	84426.641340	90.652244	4.858552	1.654915	19.234652
66109	84428.724761	90.538693	4.837318	1.654156	18.910784
66111	84430.808585	90.108345	4.844019	1.656372	19.421841
66113	84432.891935	90.403908	4.883182	1.655497	19.063765
66115	84434.976163	90.374736	4.887807	1.656041	18.413451
66117	84437.059870	89.834439	4.862464	1.657777	18.963601
66119	84439.143200	90.037238	4.889975	1.657077	18.862268
66121	84441.227083	89.569553	4.910197	1.659350	19.246772
66123	84443.310135	90.027952	4.937674	1.658470	18.761130
66125	84445.394229	89.408128	4.922666	1.661516	18.816868
66127	84447.477881	89.672875	4.962807	1.661000	18.897298
66129	84449.560336	89.710127	4.958944	1.663185	18.646162
66131	84451.643886	89.238250	4.992196	1.664752	18.619861
66133	84453.726561	88.834374	4.978766	1.664954	18.503520
66135	84455.809134	89.096195	4.994034	1.664955	18.269919
