crossing time (s)	slope (V/s)	crossing number
281474976710655.000000	28.000828	65850	0.000000
281474976710655.000000	24.691858	65851	0.000000
281474976710655.000000	25.353670	65852	0.000000
281474976710655.000000	30.121113	65853	0.000000
281474976710655.000000	25.054003	65854	0.000000
281474976710655.000000	27.404617	65855	0.000000
281474976710655.000000	28.225723	65856	0.000000
281474976710655.000000	27.130890	65857	0.000000
281474976710655.000000	27.605078	65858	0.000000
281474976710655.000000	26.429625	65859	0.000000
281474976710655.000000	27.259920	65860	0.000000
281474976710655.000000	24.473934	65861	0.000000
281474976710655.000000	24.771896	65862	0.000000
281474976710655.000000	27.347416	65863	0.000000
281474976710655.000000	27.421034	65864	0.000000
281474976710655.000000	25.391296	65865	0.000000
281474976710655.000000	26.531858	65866	0.000000
281474976710655.000000	24.197908	65867	0.000000
281474976710655.000000	24.350796	65868	0.000000
281474976710655.000000	26.543968	65869	0.000000
281474976710655.000000	24.670536	65870	0.000000
281474976710655.000000	24.238743	65871	0.000000
281474976710655.000000	25.963667	65872	0.000000
281474976710655.000000	26.868509	65873	0.000000
281474976710655.000000	27.277727	65874	0.000000
281474976710655.000000	27.173773	65875	0.000000
281474976710655.000000	27.759565	65876	0.000000
281474976710655.000000	25.262701	65877	0.000000
281474976710655.000000	25.123817	65878	0.000000
281474976710655.000000	23.700533	65879	0.000000
281474976710655.000000	23.330263	65880	0.000000
281474976710655.000000	24.790009	65881	0.000000
281474976710655.000000	25.403978	65882	0.000000
281474976710655.000000	25.945854	65883	0.000000
281474976710655.000000	26.616888	65884	0.000000
281474976710655.000000	28.121750	65885	0.000000
281474976710655.000000	25.276669	65886	0.000000
281474976710655.000000	24.331758	65887	0.000000
281474976710655.000000	24.211838	65888	0.000000
281474976710655.000000	24.376451	65889	0.000000
281474976710655.000000	25.156570	65890	0.000000
281474976710655.000000	24.299709	65891	0.000000
281474976710655.000000	26.208452	65892	0.000000
281474976710655.000000	23.456724	65893	0.000000
281474976710655.000000	23.249617	65894	0.000000
281474976710655.000000	25.610720	65895	0.000000
281474976710655.000000	25.969305	65896	0.000000
281474976710655.000000	23.848145	65897	0.000000
281474976710655.000000	22.969296	65898	0.000000
281474976710655.000000	26.408058	65899	0.000000
281474976710655.000000	23.297209	65900	0.000000
281474976710655.000000	26.668678	65901	0.000000
281474976710655.000000	21.811533	65902	0.000000
281474976710655.000000	24.397144	65903	0.000000
281474976710655.000000	23.133308	65904	0.000000
281474976710655.000000	26.139141	65905	0.000000
281474976710655.000000	23.885466	65906	0.000000
281474976710655.000000	24.053577	65907	0.000000
281474976710655.000000	24.577906	65908	0.000000
281474976710655.000000	26.570490	65909	0.000000
281474976710655.000000	24.175451	65910	0.000000
281474976710655.000000	24.241238	65911	0.000000
281474976710655.000000	23.063232	65912	0.000000
281474976710655.000000	24.862650	65913	0.000000
281474976710655.000000	25.821060	65914	0.000000
281474976710655.000000	24.578405	65915	0.000000
281474976710655.000000	23.838282	65916	0.000000
281474976710655.000000	25.240133	65917	0.000000
281474976710655.000000	21.463516	65918	0.000000
281474976710655.000000	24.487431	65919	0.000000
281474976710655.000000	25.113611	65920	0.000000
281474976710655.000000	25.161533	65921	0.000000
281474976710655.000000	25.870159	65922	0.000000
281474976710655.000000	26.292805	65923	0.000000
281474976710655.000000	25.474117	65924	0.000000
281474976710655.000000	24.692566	65925	0.000000
281474976710655.000000	21.662046	65926	0.000000
281474976710655.000000	24.548521	65927	0.000000
281474976710655.000000	22.850107	65928	0.000000
281474976710655.000000	22.546116	65929	0.000000
281474976710655.000000	21.187101	65930	0.000000
281474976710655.000000	23.680624	65931	0.000000
281474976710655.000000	25.456009	65932	0.000000
281474976710655.000000	24.399969	65933	0.000000
281474976710655.000000	21.175756	65934	0.000000
281474976710655.000000	23.559780	65935	0.000000
281474976710655.000000	21.738787	65936	0.000000
281474976710655.000000	23.852230	65937	0.000000
281474976710655.000000	23.013691	65938	0.000000
281474976710655.000000	21.821737	65939	0.000000
281474976710655.000000	24.960865	65940	0.000000
281474976710655.000000	22.587292	65941	0.000000
281474976710655.000000	22.793125	65942	0.000000
281474976710655.000000	21.549038	65943	0.000000
281474976710655.000000	22.096111	65944	0.000000
281474976710655.000000	23.367851	65945	0.000000
281474976710655.000000	24.284742	65946	0.000000
281474976710655.000000	24.102091	65947	0.000000
281474976710655.000000	25.322565	65948	0.000000
281474976710655.000000	25.310860	65949	0.000000
281474976710655.000000	23.984440	65950	0.000000
281474976710655.000000	21.805616	65951	0.000000
281474976710655.000000	23.660250	65952	0.000000
281474976710655.000000	22.351402	65953	0.000000
281474976710655.000000	22.911800	65954	0.000000
281474976710655.000000	22.970289	65955	0.000000
281474976710655.000000	25.449421	65956	0.000000
281474976710655.000000	21.841494	65957	0.000000
281474976710655.000000	25.890043	65958	0.000000
281474976710655.000000	22.467033	65959	0.000000
281474976710655.000000	21.420269	65960	0.000000
281474976710655.000000	21.548273	65961	0.000000
281474976710655.000000	22.719078	65962	0.000000
281474976710655.000000	24.644306	65963	0.000000
281474976710655.000000	23.712936	65964	0.000000
281474976710655.000000	22.964825	65965	0.000000
281474976710655.000000	26.085155	65966	0.000000
281474976710655.000000	22.654831	65967	0.000000
281474976710655.000000	22.940594	65968	0.000000
281474976710655.000000	23.209467	65969	0.000000
281474976710655.000000	21.849251	65970	0.000000
281474976710655.000000	23.681814	65971	0.000000
281474976710655.000000	23.245604	65972	0.000000
281474976710655.000000	23.433685	65973	0.000000
281474976710655.000000	22.942331	65974	0.000000
281474976710655.000000	22.545630	65975	0.000000
281474976710655.000000	23.094177	65976	0.000000
281474976710655.000000	22.572811	65977	0.000000
281474976710655.000000	20.096684	65978	0.000000
281474976710655.000000	21.704987	65979	0.000000
281474976710655.000000	20.099367	65980	0.000000
281474976710655.000000	21.411943	65981	0.000000
281474976710655.000000	20.882967	65982	0.000000
281474976710655.000000	22.127363	65983	0.000000
281474976710655.000000	22.495232	65984	0.000000
281474976710655.000000	20.050524	65985	0.000000
281474976710655.000000	24.174973	65986	0.000000
281474976710655.000000	23.408842	65987	0.000000
281474976710655.000000	21.513832	65988	0.000000
281474976710655.000000	22.073261	65989	0.000000
281474976710655.000000	22.164488	65990	0.000000
281474976710655.000000	23.624899	65991	0.000000
281474976710655.000000	21.855902	65992	0.000000
281474976710655.000000	21.939070	65993	0.000000
281474976710655.000000	23.436607	65994	0.000000
281474976710655.000000	21.212013	65995	0.000000
281474976710655.000000	22.257288	65996	0.000000
281474976710655.000000	22.485119	65997	0.000000
281474976710655.000000	20.084660	65998	0.000000
281474976710655.000000	21.344368	65999	0.000000
281474976710655.000000	22.492861	66000	0.000000
281474976710655.000000	21.807842	66001	0.000000
281474976710655.000000	23.145700	66002	0.000000
281474976710655.000000	22.014561	66003	0.000000
281474976710655.000000	22.613485	66004	0.000000
281474976710655.000000	22.836824	66005	0.000000
281474976710655.000000	21.760517	66006	0.000000
281474976710655.000000	21.595530	66007	0.000000
281474976710655.000000	22.009554	66008	0.000000
281474976710655.000000	21.984901	66009	0.000000
281474976710655.000000	21.123013	66010	0.000000
281474976710655.000000	21.111961	66011	0.000000
281474976710655.000000	21.021849	66012	0.000000
281474976710655.000000	20.562906	66013	0.000000
281474976710655.000000	20.665815	66014	0.000000
281474976710655.000000	23.224037	66015	0.000000
281474976710655.000000	21.317392	66016	0.000000
281474976710655.000000	21.321955	66017	0.000000
281474976710655.000000	21.563837	66018	0.000000
281474976710655.000000	20.774763	66019	0.000000
281474976710655.000000	22.399681	66020	0.000000
281474976710655.000000	22.266283	66021	0.000000
281474976710655.000000	22.351980	66022	0.000000
281474976710655.000000	22.967295	66023	0.000000
281474976710655.000000	22.859062	66024	0.000000
281474976710655.000000	22.462172	66025	0.000000
281474976710655.000000	21.598787	66026	0.000000
281474976710655.000000	23.003283	66027	0.000000
281474976710655.000000	20.811899	66028	0.000000
281474976710655.000000	22.155035	66029	0.000000
281474976710655.000000	21.441330	66030	0.000000
281474976710655.000000	20.726469	66031	0.000000
281474976710655.000000	21.406540	66032	0.000000
281474976710655.000000	20.460522	66033	0.000000
281474976710655.000000	20.031250	66034	0.000000
281474976710655.000000	21.195004	66035	0.000000
281474976710655.000000	21.404844	66036	0.000000
281474976710655.000000	20.370146	66037	0.000000
281474976710655.000000	21.248198	66038	0.000000
281474976710655.000000	20.722252	66039	0.000000
281474976710655.000000	21.095341	66040	0.000000
281474976710655.000000	22.202139	66041	0.000000
281474976710655.000000	20.964071	66042	0.000000
281474976710655.000000	20.755182	66043	0.000000
281474976710655.000000	21.389462	66044	0.000000
281474976710655.000000	20.508255	66045	0.000000
281474976710655.000000	21.228571	66046	0.000000
281474976710655.000000	19.781635	66047	0.000000
281474976710655.000000	20.430824	66048	0.000000
281474976710655.000000	20.039421	66049	0.000000
281474976710655.000000	20.823486	66050	0.000000
281474976710655.000000	20.591022	66051	0.000000
281474976710655.000000	20.065315	66052	0.000000
281474976710655.000000	20.924845	66053	0.000000
281474976710655.000000	20.524794	66054	0.000000
281474976710655.000000	19.638531	66055	0.000000
281474976710655.000000	22.073408	66056	0.000000
281474976710655.000000	21.155380	66057	0.000000
281474976710655.000000	20.482801	66058	0.000000
281474976710655.000000	18.319517	66059	0.000000
281474976710655.000000	20.360310	66060	0.000000
281474976710655.000000	19.851173	66061	0.000000
281474976710655.000000	20.943172	66062	0.000000
281474976710655.000000	19.857414	66063	0.000000
281474976710655.000000	19.516012	66064	0.000000
281474976710655.000000	19.701494	66065	0.000000
281474976710655.000000	20.441357	66066	0.000000
281474976710655.000000	20.871475	66067	0.000000
281474976710655.000000	20.314766	66068	0.000000
281474976710655.000000	20.678905	66069	0.000000
281474976710655.000000	20.289526	66070	0.000000
281474976710655.000000	19.952679	66071	0.000000
281474976710655.000000	20.023180	66072	0.000000
281474976710655.000000	20.085848	66073	0.000000
281474976710655.000000	20.194092	66074	0.000000
281474976710655.000000	20.051474	66075	0.000000
281474976710655.000000	19.509487	66076	0.000000
281474976710655.000000	19.452028	66077	0.000000
281474976710655.000000	20.582674	66078	0.000000
281474976710655.000000	19.810511	66079	0.000000
281474976710655.000000	19.782850	66080	0.000000
281474976710655.000000	19.497730	66081	0.000000
281474976710655.000000	19.598372	66082	0.000000
281474976710655.000000	20.023884	66083	0.000000
281474976710655.000000	20.287277	66084	0.000000
281474976710655.000000	19.242300	66085	0.000000
281474976710655.000000	20.891781	66086	0.000000
281474976710655.000000	20.077795	66087	0.000000
281474976710655.000000	19.148624	66088	0.000000
281474976710655.000000	18.767017	66089	0.000000
281474976710655.000000	18.536573	66090	0.000000
281474976710655.000000	19.706778	66091	0.000000
281474976710655.000000	20.369600	66092	0.000000
281474976710655.000000	19.485659	66093	0.000000
281474976710655.000000	19.167835	66094	0.000000
281474976710655.000000	19.296633	66095	0.000000
281474976710655.000000	19.222677	66096	0.000000
281474976710655.000000	19.798458	66097	0.000000
281474976710655.000000	18.530504	66098	0.000000
281474976710655.000000	19.357279	66099	0.000000
281474976710655.000000	19.873468	66100	0.000000
281474976710655.000000	18.272865	66101	0.000000
281474976710655.000000	18.743219	66102	0.000000
281474976710655.000000	18.907835	66103	0.000000
281474976710655.000000	17.492292	66104	0.000000
281474976710655.000000	19.045357	66105	0.000000
281474976710655.000000	19.599888	66106	0.000000
281474976710655.000000	19.691525	66107	0.000000
281474976710655.000000	19.329844	66108	0.000000
281474976710655.000000	19.105333	66109	0.000000
281474976710655.000000	18.948458	66110	0.000000
281474976710655.000000	19.245815	66111	0.000000
281474976710655.000000	18.877043	66112	0.000000
281474976710655.000000	17.920881	66113	0.000000
281474976710655.000000	19.558516	66114	0.000000
281474976710655.000000	18.136599	66115	0.000000
281474976710655.000000	19.663826	66116	0.000000
281474976710655.000000	19.133905	66117	0.000000
281474976710655.000000	19.886780	66118	0.000000
281474976710655.000000	18.997168	66119	0.000000
281474976710655.000000	19.217262	66120	0.000000
281474976710655.000000	18.916901	66121	0.000000
281474976710655.000000	19.387358	66122	0.000000
281474976710655.000000	18.754961	66123	0.000000
281474976710655.000000	18.029728	66124	0.000000
281474976710655.000000	18.728720	66125	0.000000
281474976710655.000000	19.535172	66126	0.000000
281474976710655.000000	19.004765	66127	0.000000
281474976710655.000000	19.155182	66128	0.000000
281474976710655.000000	18.552299	66129	0.000000
281474976710655.000000	18.187864	66130	0.000000
281474976710655.000000	18.109138	66131	0.000000
281474976710655.000000	18.629250	66132	0.000000
281474976710655.000000	18.571245	66133	0.000000
281474976710655.000000	18.618952	66134	0.000000
281474976710655.000000	18.555344	66135	0.000000
281474976710655.000000	17.560099	66136	0.000000
281474976710655.000000	18.396530	66137	0.000000
281474976710655.000000	18.806292	66138	0.000000
